4125
1208  458
1171 2633
2340 1405
1952 1876
1043 2889
2866 2337
1817 1146
1336 2245
3905 1747
 734  993
3883  640
1178  234
3851 2428
 406 2991
1775 2843
1897  192
3017 1780
 642 1220
2378 3039
 535 2903
1314 3955
3783 1539
 252 3546
2609 3057
3033 3711
 260 2563
1808 2802
1438 2111
3615 3003
 494  663
1619 3123
1087 3745
2377 1912
 485 2252
2958 4072
1749 3856
2152 3968
3752 1711
1471 2156
2554 3079
1483 2970
3580 1954
3113  282
3236 3457
2487 3228
1146 3335
2386 3989
3933  177
2421  877
 192 1362
2477 3654
 277 3910
3209 2967
1099 2232
 680  244
2385 1533
 805 1926
3158 2930
 762 4097
2463 2297
2359 3236
 123 3987
 304 1026
1067 3455
 616 2028
3198 3260
1451 1740
 455 2527
2787 3348
  97 3590
3837 2997
2383 2506
1106 1652
3007 1336
 971 2669
4050 2356
1148 3468
3716 3405
1644 3978
 672 3051
 844  285
2765 1179
2965  430
2012 2647
4084 2417
3937 1358
1964  564
3797  268
3132 4058
 816 4053
3987 4026
3552 1249
 632 1109
 737 2693
1326 1106
2778  491
3927 2871
  44 2864
1093  939
 704  894
2444 1469
1195 2493
1985  860
3480 1595
2175 2218
3284  675
2728  435
1169 3819
 443 4060
1169 2629
2585 3214
 318 1465
3378 2115
2751 2065
 584 2393
1799 3937
1047  440
1493   20
 684 2846
3936  553
 626 2154
2471 1314
1352 1866
 764  819
 907 2669
1295 3681
1408  310
 751 2667
 831 1373
2412  688
3895  377
3087 3007
3477  826
2794 3017
2816 3072
3740 2652
4105 3919
1865 2379
2196  147
  73 1618
 293  231
1113  497
3786 2059
 213  176
1950 1269
2320 1198
 630 3805
3105 3436
1728 2433
3770  251
2958  438
3358 1471
3242 1762
3462 1989
 285 1948
3029 3375
 904 1242
1850 1800
3605 3236
2987  815
3152 1933
3450  195
2667 2057
3654 4102
2964  141
1418 3858
3268 1224
3723  524
 901 1323
3320 1098
3938  693
2660 1868
1334  698
2142 3519
1609 4102
1738 1433
  50 2679
3968 1724
3349 4045
 389 3033
2222 3370
 748 1925
3230 1713
3713 4088
 307 2312
1745  635
1083  815
2593  653
1692 1246
3185 3817
1499 1157
3075   43
3208 1183
2056 2892
2978 2808
 706 2398
2109 1942
1479 3491
 557 4078
2746 3800
